# Created by Octave 3.4.3, Wed Sep 05 15:55:14 2012 MDT <root@cuadradito.newmexicoconsortium.org>
# name: rg_p
# type: matrix
# rows: 2
# columns: 6
 10 10 0.15 0.11 10 100
 5 10 0.15 0.11 10 100


