# Created by Octave 3.4.3, Fri Sep 07 05:21:36 2012 MDT <root@cuadradito.newmexicoconsortium.org>
# name: rg_p
# type: matrix
# rows: 2592
# columns: 6
 5 5 0.1 0.01 1 3
 5 5 0.1 0.01 1 8
 5 5 0.1 0.01 1 13
 5 5 0.1 0.01 1 18
 5 5 0.1 0.01 1 23
 5 5 0.1 0.01 1 100
 5 5 0.1 0.06 1 3
 5 5 0.1 0.06 1 8
 5 5 0.1 0.06 1 13
 5 5 0.1 0.06 1 18
 5 5 0.1 0.06 1 23
 5 5 0.1 0.06 1 100
 5 5 0.1 0.11 1 3
 5 5 0.1 0.11 1 8
 5 5 0.1 0.11 1 13
 5 5 0.1 0.11 1 18
 5 5 0.1 0.11 1 23
 5 5 0.1 0.11 1 100
 5 5 0.1 0.16 1 3
 5 5 0.1 0.16 1 8
 5 5 0.1 0.16 1 13
 5 5 0.1 0.16 1 18
 5 5 0.1 0.16 1 23
 5 5 0.1 0.16 1 100
 5 5 0.15 0.01 1 3
 5 5 0.15 0.01 1 8
 5 5 0.15 0.01 1 13
 5 5 0.15 0.01 1 18
 5 5 0.15 0.01 1 23
 5 5 0.15 0.01 1 100
 5 5 0.15 0.06 1 3
 5 5 0.15 0.06 1 8
 5 5 0.15 0.06 1 13
 5 5 0.15 0.06 1 18
 5 5 0.15 0.06 1 23
 5 5 0.15 0.06 1 100
 5 5 0.15 0.11 1 3
 5 5 0.15 0.11 1 8
 5 5 0.15 0.11 1 13
 5 5 0.15 0.11 1 18
 5 5 0.15 0.11 1 23
 5 5 0.15 0.11 1 100
 5 5 0.15 0.16 1 3
 5 5 0.15 0.16 1 8
 5 5 0.15 0.16 1 13
 5 5 0.15 0.16 1 18
 5 5 0.15 0.16 1 23
 5 5 0.15 0.16 1 100
 5 5 0.2 0.01 1 3
 5 5 0.2 0.01 1 8
 5 5 0.2 0.01 1 13
 5 5 0.2 0.01 1 18
 5 5 0.2 0.01 1 23
 5 5 0.2 0.01 1 100
 5 5 0.2 0.06 1 3
 5 5 0.2 0.06 1 8
 5 5 0.2 0.06 1 13
 5 5 0.2 0.06 1 18
 5 5 0.2 0.06 1 23
 5 5 0.2 0.06 1 100
 5 5 0.2 0.11 1 3
 5 5 0.2 0.11 1 8
 5 5 0.2 0.11 1 13
 5 5 0.2 0.11 1 18
 5 5 0.2 0.11 1 23
 5 5 0.2 0.11 1 100
 5 5 0.2 0.16 1 3
 5 5 0.2 0.16 1 8
 5 5 0.2 0.16 1 13
 5 5 0.2 0.16 1 18
 5 5 0.2 0.16 1 23
 5 5 0.2 0.16 1 100
 5 10 0.1 0.01 1 3
 5 10 0.1 0.01 1 8
 5 10 0.1 0.01 1 13
 5 10 0.1 0.01 1 18
 5 10 0.1 0.01 1 23
 5 10 0.1 0.01 1 100
 5 10 0.1 0.06 1 3
 5 10 0.1 0.06 1 8
 5 10 0.1 0.06 1 13
 5 10 0.1 0.06 1 18
 5 10 0.1 0.06 1 23
 5 10 0.1 0.06 1 100
 5 10 0.1 0.11 1 3
 5 10 0.1 0.11 1 8
 5 10 0.1 0.11 1 13
 5 10 0.1 0.11 1 18
 5 10 0.1 0.11 1 23
 5 10 0.1 0.11 1 100
 5 10 0.1 0.16 1 3
 5 10 0.1 0.16 1 8
 5 10 0.1 0.16 1 13
 5 10 0.1 0.16 1 18
 5 10 0.1 0.16 1 23
 5 10 0.1 0.16 1 100
 5 10 0.15 0.01 1 3
 5 10 0.15 0.01 1 8
 5 10 0.15 0.01 1 13
 5 10 0.15 0.01 1 18
 5 10 0.15 0.01 1 23
 5 10 0.15 0.01 1 100
 5 10 0.15 0.06 1 3
 5 10 0.15 0.06 1 8
 5 10 0.15 0.06 1 13
 5 10 0.15 0.06 1 18
 5 10 0.15 0.06 1 23
 5 10 0.15 0.06 1 100
 5 10 0.15 0.11 1 3
 5 10 0.15 0.11 1 8
 5 10 0.15 0.11 1 13
 5 10 0.15 0.11 1 18
 5 10 0.15 0.11 1 23
 5 10 0.15 0.11 1 100
 5 10 0.15 0.16 1 3
 5 10 0.15 0.16 1 8
 5 10 0.15 0.16 1 13
 5 10 0.15 0.16 1 18
 5 10 0.15 0.16 1 23
 5 10 0.15 0.16 1 100
 5 10 0.2 0.01 1 3
 5 10 0.2 0.01 1 8
 5 10 0.2 0.01 1 13
 5 10 0.2 0.01 1 18
 5 10 0.2 0.01 1 23
 5 10 0.2 0.01 1 100
 5 10 0.2 0.06 1 3
 5 10 0.2 0.06 1 8
 5 10 0.2 0.06 1 13
 5 10 0.2 0.06 1 18
 5 10 0.2 0.06 1 23
 5 10 0.2 0.06 1 100
 5 10 0.2 0.11 1 3
 5 10 0.2 0.11 1 8
 5 10 0.2 0.11 1 13
 5 10 0.2 0.11 1 18
 5 10 0.2 0.11 1 23
 5 10 0.2 0.11 1 100
 5 10 0.2 0.16 1 3
 5 10 0.2 0.16 1 8
 5 10 0.2 0.16 1 13
 5 10 0.2 0.16 1 18
 5 10 0.2 0.16 1 23
 5 10 0.2 0.16 1 100
 5 15 0.1 0.01 1 3
 5 15 0.1 0.01 1 8
 5 15 0.1 0.01 1 13
 5 15 0.1 0.01 1 18
 5 15 0.1 0.01 1 23
 5 15 0.1 0.01 1 100
 5 15 0.1 0.06 1 3
 5 15 0.1 0.06 1 8
 5 15 0.1 0.06 1 13
 5 15 0.1 0.06 1 18
 5 15 0.1 0.06 1 23
 5 15 0.1 0.06 1 100
 5 15 0.1 0.11 1 3
 5 15 0.1 0.11 1 8
 5 15 0.1 0.11 1 13
 5 15 0.1 0.11 1 18
 5 15 0.1 0.11 1 23
 5 15 0.1 0.11 1 100
 5 15 0.1 0.16 1 3
 5 15 0.1 0.16 1 8
 5 15 0.1 0.16 1 13
 5 15 0.1 0.16 1 18
 5 15 0.1 0.16 1 23
 5 15 0.1 0.16 1 100
 5 15 0.15 0.01 1 3
 5 15 0.15 0.01 1 8
 5 15 0.15 0.01 1 13
 5 15 0.15 0.01 1 18
 5 15 0.15 0.01 1 23
 5 15 0.15 0.01 1 100
 5 15 0.15 0.06 1 3
 5 15 0.15 0.06 1 8
 5 15 0.15 0.06 1 13
 5 15 0.15 0.06 1 18
 5 15 0.15 0.06 1 23
 5 15 0.15 0.06 1 100
 5 15 0.15 0.11 1 3
 5 15 0.15 0.11 1 8
 5 15 0.15 0.11 1 13
 5 15 0.15 0.11 1 18
 5 15 0.15 0.11 1 23
 5 15 0.15 0.11 1 100
 5 15 0.15 0.16 1 3
 5 15 0.15 0.16 1 8
 5 15 0.15 0.16 1 13
 5 15 0.15 0.16 1 18
 5 15 0.15 0.16 1 23
 5 15 0.15 0.16 1 100
 5 15 0.2 0.01 1 3
 5 15 0.2 0.01 1 8
 5 15 0.2 0.01 1 13
 5 15 0.2 0.01 1 18
 5 15 0.2 0.01 1 23
 5 15 0.2 0.01 1 100
 5 15 0.2 0.06 1 3
 5 15 0.2 0.06 1 8
 5 15 0.2 0.06 1 13
 5 15 0.2 0.06 1 18
 5 15 0.2 0.06 1 23
 5 15 0.2 0.06 1 100
 5 15 0.2 0.11 1 3
 5 15 0.2 0.11 1 8
 5 15 0.2 0.11 1 13
 5 15 0.2 0.11 1 18
 5 15 0.2 0.11 1 23
 5 15 0.2 0.11 1 100
 5 15 0.2 0.16 1 3
 5 15 0.2 0.16 1 8
 5 15 0.2 0.16 1 13
 5 15 0.2 0.16 1 18
 5 15 0.2 0.16 1 23
 5 15 0.2 0.16 1 100
 5 20 0.1 0.01 1 3
 5 20 0.1 0.01 1 8
 5 20 0.1 0.01 1 13
 5 20 0.1 0.01 1 18
 5 20 0.1 0.01 1 23
 5 20 0.1 0.01 1 100
 5 20 0.1 0.06 1 3
 5 20 0.1 0.06 1 8
 5 20 0.1 0.06 1 13
 5 20 0.1 0.06 1 18
 5 20 0.1 0.06 1 23
 5 20 0.1 0.06 1 100
 5 20 0.1 0.11 1 3
 5 20 0.1 0.11 1 8
 5 20 0.1 0.11 1 13
 5 20 0.1 0.11 1 18
 5 20 0.1 0.11 1 23
 5 20 0.1 0.11 1 100
 5 20 0.1 0.16 1 3
 5 20 0.1 0.16 1 8
 5 20 0.1 0.16 1 13
 5 20 0.1 0.16 1 18
 5 20 0.1 0.16 1 23
 5 20 0.1 0.16 1 100
 5 20 0.15 0.01 1 3
 5 20 0.15 0.01 1 8
 5 20 0.15 0.01 1 13
 5 20 0.15 0.01 1 18
 5 20 0.15 0.01 1 23
 5 20 0.15 0.01 1 100
 5 20 0.15 0.06 1 3
 5 20 0.15 0.06 1 8
 5 20 0.15 0.06 1 13
 5 20 0.15 0.06 1 18
 5 20 0.15 0.06 1 23
 5 20 0.15 0.06 1 100
 5 20 0.15 0.11 1 3
 5 20 0.15 0.11 1 8
 5 20 0.15 0.11 1 13
 5 20 0.15 0.11 1 18
 5 20 0.15 0.11 1 23
 5 20 0.15 0.11 1 100
 5 20 0.15 0.16 1 3
 5 20 0.15 0.16 1 8
 5 20 0.15 0.16 1 13
 5 20 0.15 0.16 1 18
 5 20 0.15 0.16 1 23
 5 20 0.15 0.16 1 100
 5 20 0.2 0.01 1 3
 5 20 0.2 0.01 1 8
 5 20 0.2 0.01 1 13
 5 20 0.2 0.01 1 18
 5 20 0.2 0.01 1 23
 5 20 0.2 0.01 1 100
 5 20 0.2 0.06 1 3
 5 20 0.2 0.06 1 8
 5 20 0.2 0.06 1 13
 5 20 0.2 0.06 1 18
 5 20 0.2 0.06 1 23
 5 20 0.2 0.06 1 100
 5 20 0.2 0.11 1 3
 5 20 0.2 0.11 1 8
 5 20 0.2 0.11 1 13
 5 20 0.2 0.11 1 18
 5 20 0.2 0.11 1 23
 5 20 0.2 0.11 1 100
 5 20 0.2 0.16 1 3
 5 20 0.2 0.16 1 8
 5 20 0.2 0.16 1 13
 5 20 0.2 0.16 1 18
 5 20 0.2 0.16 1 23
 5 20 0.2 0.16 1 100
 5 25 0.1 0.01 1 3
 5 25 0.1 0.01 1 8
 5 25 0.1 0.01 1 13
 5 25 0.1 0.01 1 18
 5 25 0.1 0.01 1 23
 5 25 0.1 0.01 1 100
 5 25 0.1 0.06 1 3
 5 25 0.1 0.06 1 8
 5 25 0.1 0.06 1 13
 5 25 0.1 0.06 1 18
 5 25 0.1 0.06 1 23
 5 25 0.1 0.06 1 100
 5 25 0.1 0.11 1 3
 5 25 0.1 0.11 1 8
 5 25 0.1 0.11 1 13
 5 25 0.1 0.11 1 18
 5 25 0.1 0.11 1 23
 5 25 0.1 0.11 1 100
 5 25 0.1 0.16 1 3
 5 25 0.1 0.16 1 8
 5 25 0.1 0.16 1 13
 5 25 0.1 0.16 1 18
 5 25 0.1 0.16 1 23
 5 25 0.1 0.16 1 100
 5 25 0.15 0.01 1 3
 5 25 0.15 0.01 1 8
 5 25 0.15 0.01 1 13
 5 25 0.15 0.01 1 18
 5 25 0.15 0.01 1 23
 5 25 0.15 0.01 1 100
 5 25 0.15 0.06 1 3
 5 25 0.15 0.06 1 8
 5 25 0.15 0.06 1 13
 5 25 0.15 0.06 1 18
 5 25 0.15 0.06 1 23
 5 25 0.15 0.06 1 100
 5 25 0.15 0.11 1 3
 5 25 0.15 0.11 1 8
 5 25 0.15 0.11 1 13
 5 25 0.15 0.11 1 18
 5 25 0.15 0.11 1 23
 5 25 0.15 0.11 1 100
 5 25 0.15 0.16 1 3
 5 25 0.15 0.16 1 8
 5 25 0.15 0.16 1 13
 5 25 0.15 0.16 1 18
 5 25 0.15 0.16 1 23
 5 25 0.15 0.16 1 100
 5 25 0.2 0.01 1 3
 5 25 0.2 0.01 1 8
 5 25 0.2 0.01 1 13
 5 25 0.2 0.01 1 18
 5 25 0.2 0.01 1 23
 5 25 0.2 0.01 1 100
 5 25 0.2 0.06 1 3
 5 25 0.2 0.06 1 8
 5 25 0.2 0.06 1 13
 5 25 0.2 0.06 1 18
 5 25 0.2 0.06 1 23
 5 25 0.2 0.06 1 100
 5 25 0.2 0.11 1 3
 5 25 0.2 0.11 1 8
 5 25 0.2 0.11 1 13
 5 25 0.2 0.11 1 18
 5 25 0.2 0.11 1 23
 5 25 0.2 0.11 1 100
 5 25 0.2 0.16 1 3
 5 25 0.2 0.16 1 8
 5 25 0.2 0.16 1 13
 5 25 0.2 0.16 1 18
 5 25 0.2 0.16 1 23
 5 25 0.2 0.16 1 100
 5 30 0.1 0.01 1 3
 5 30 0.1 0.01 1 8
 5 30 0.1 0.01 1 13
 5 30 0.1 0.01 1 18
 5 30 0.1 0.01 1 23
 5 30 0.1 0.01 1 100
 5 30 0.1 0.06 1 3
 5 30 0.1 0.06 1 8
 5 30 0.1 0.06 1 13
 5 30 0.1 0.06 1 18
 5 30 0.1 0.06 1 23
 5 30 0.1 0.06 1 100
 5 30 0.1 0.11 1 3
 5 30 0.1 0.11 1 8
 5 30 0.1 0.11 1 13
 5 30 0.1 0.11 1 18
 5 30 0.1 0.11 1 23
 5 30 0.1 0.11 1 100
 5 30 0.1 0.16 1 3
 5 30 0.1 0.16 1 8
 5 30 0.1 0.16 1 13
 5 30 0.1 0.16 1 18
 5 30 0.1 0.16 1 23
 5 30 0.1 0.16 1 100
 5 30 0.15 0.01 1 3
 5 30 0.15 0.01 1 8
 5 30 0.15 0.01 1 13
 5 30 0.15 0.01 1 18
 5 30 0.15 0.01 1 23
 5 30 0.15 0.01 1 100
 5 30 0.15 0.06 1 3
 5 30 0.15 0.06 1 8
