Weights for connection "V1 Inhib to V1", neuron 0
   (nxp,nyp,nfp)   = (9,9,4)
   pre  (nx,ny,nf) = (128,128,1)
   post (nx,ny,nf) = (128,128,4)

0.034 0.041 0.046 0.050 0.051 0.050 0.046 0.041 0.034 
0.041 0.049 0.055 0.059 0.061 0.059 0.055 0.049 0.041 
0.046 0.055 0.062 0.067 0.069 0.067 0.062 0.055 0.046 
0.050 0.059 0.067 0.072 0.074 0.072 0.067 0.059 0.050 
0.051 0.061 0.069 0.074 0.076 0.074 0.069 0.061 0.051 
0.050 0.059 0.067 0.072 0.074 0.072 0.067 0.059 0.050 
0.046 0.055 0.062 0.067 0.069 0.067 0.062 0.055 0.046 
0.041 0.049 0.055 0.059 0.061 0.059 0.055 0.049 0.041 
0.034 0.041 0.046 0.050 0.051 0.050 0.046 0.041 0.034 

0.000 0.000 0.000 0.000 0.000 0.000 0.000 0.000 0.000 
0.000 0.000 0.000 0.000 0.000 0.000 0.000 0.000 0.000 
0.000 0.000 0.000 0.000 0.000 0.000 0.000 0.000 0.000 
0.000 0.000 0.000 0.000 0.000 0.000 0.000 0.000 0.000 
0.000 0.000 0.000 0.000 0.000 0.000 0.000 0.000 0.000 
0.000 0.000 0.000 0.000 0.000 0.000 0.000 0.000 0.000 
0.000 0.000 0.000 0.000 0.000 0.000 0.000 0.000 0.000 
0.000 0.000 0.000 0.000 0.000 0.000 0.000 0.000 0.000 
0.000 0.000 0.000 0.000 0.000 0.000 0.000 0.000 0.000 

0.000 0.000 0.000 0.000 0.000 0.000 0.000 0.000 0.000 
0.000 0.000 0.000 0.000 0.000 0.000 0.000 0.000 0.000 
0.000 0.000 0.000 0.000 0.000 0.000 0.000 0.000 0.000 
0.000 0.000 0.000 0.000 0.000 0.000 0.000 0.000 0.000 
0.000 0.000 0.000 0.000 0.000 0.000 0.000 0.000 0.000 
0.000 0.000 0.000 0.000 0.000 0.000 0.000 0.000 0.000 
0.000 0.000 0.000 0.000 0.000 0.000 0.000 0.000 0.000 
0.000 0.000 0.000 0.000 0.000 0.000 0.000 0.000 0.000 
0.000 0.000 0.000 0.000 0.000 0.000 0.000 0.000 0.000 

0.000 0.000 0.000 0.000 0.000 0.000 0.000 0.000 0.000 
0.000 0.000 0.000 0.000 0.000 0.000 0.000 0.000 0.000 
0.000 0.000 0.000 0.000 0.000 0.000 0.000 0.000 0.000 
0.000 0.000 0.000 0.000 0.000 0.000 0.000 0.000 0.000 
0.000 0.000 0.000 0.000 0.000 0.000 0.000 0.000 0.000 
0.000 0.000 0.000 0.000 0.000 0.000 0.000 0.000 0.000 
0.000 0.000 0.000 0.000 0.000 0.000 0.000 0.000 0.000 
0.000 0.000 0.000 0.000 0.000 0.000 0.000 0.000 0.000 
0.000 0.000 0.000 0.000 0.000 0.000 0.000 0.000 0.000 

----------------------------
